let leagueoflegends = vec![12, 22, 34, 229, 683, 803, 803, 803, 803, 803, 1562, 1562, 1626, 1627, 2102, 3026, 3027, 3064, 3178, 3406, 3406, 3406, 3406, 3406, 3625, 3829, 3846, 3921];
let nfl = vec![109, 612, 1157, 1873, 1984, 2233, 2903, 3134, 3134];
let dogemarket = vec![12, 12, 12, 12, 12, 12, 47, 71, 71, 163, 163, 163, 187, 562, 628, 694, 694, 736, 736, 736, 912, 1073, 1073, 1083, 1249, 1249, 1260, 1260, 1313, 1380, 1380, 2062, 2062, 2096, 2096, 2351, 2431, 2431, 2664, 2972, 3140, 3385, 3410, 3551, 3613, 3774, 3950, 3997, 3997];
let posthardcore = vec![10, 10, 10, 10, 21, 2891];
let metalcore = vec![8, 8, 21, 173, 2891, 2995];
let suicidewatch = vec![34, 34, 66, 105, 111, 133, 226, 301, 326, 565, 679, 826, 1034, 1271, 1480, 2932, 3011, 3046, 3139, 3201, 3325];
let dogecoin = vec![0, 5, 5, 5, 5, 5, 20, 20, 22, 22, 22, 34, 61, 69, 71, 71, 71, 71, 71, 91, 92, 97, 139, 163, 163, 163, 163, 163, 163, 163, 176, 178, 187, 187, 187, 187, 192, 257, 315, 391, 433, 468, 487, 492, 493, 496, 528, 562, 628, 628, 671, 671, 671, 671, 679, 736, 736, 737, 740, 761, 768, 768, 768, 978, 978, 978, 978, 1060, 1060, 1073, 1148, 1181, 1210, 1210, 1210, 1249, 1251, 1251, 1251, 1279, 1381, 1385, 1385, 1515, 1568, 1600, 1628, 1917, 1917, 1917, 1917, 1917, 2033, 2033, 2033, 2125, 2153, 2252, 2272, 2272, 2476, 2529, 2529, 2529, 2664, 2766, 2766, 2885, 2890, 2892, 2895, 2895, 2897, 2910, 2922, 2922, 2948, 2949, 3016, 3026, 3180, 3186, 3192, 3197, 3250, 3265, 3278, 3410, 3413, 3425, 3425, 3426, 3429, 3435, 3449, 3502, 3594, 3595, 3595, 3613, 3652, 3652, 3786, 3839, 3849, 3851, 4009];
let circlebroke = vec![3, 22, 22, 22, 22, 22, 22, 22, 25, 34, 34, 34, 34, 34, 34, 34, 34, 34, 34, 34, 34, 34, 34, 34, 40, 46, 52, 71, 71, 71, 71, 71, 71, 71, 88, 88, 88, 92, 92, 92, 95, 111, 126, 130, 130, 139, 144, 144, 161, 169, 169, 172, 173, 173, 173, 176, 188, 189, 240, 263, 279, 404, 410, 452, 452, 456, 475, 490, 490, 490, 562, 562, 562, 562, 564, 565, 565, 737, 737, 737, 737, 737, 737, 737, 737, 818, 968, 1047, 1185, 1201, 1203, 1232, 1252, 1254, 1256, 1256, 1256, 1256, 1256, 1256, 1256, 1256, 1256, 1256, 1385, 1385, 1385, 1385, 1385, 1385, 1385, 1385, 1385, 1385, 1385, 1385, 1385, 1437, 1453, 1512, 1551, 1610, 1679, 1788, 1827, 1827, 1827, 1847, 1859, 2002, 2804, 2890, 2894, 2895, 2895, 2895, 2895, 2895, 2895, 2895, 2897, 2897, 2897, 2897, 2897, 2897, 2897, 2903, 2903, 2903, 2903, 2903, 2903, 2903, 2903, 2903, 2903, 2903, 2906, 2906, 2910, 2910, 2910, 2910, 2910, 2911, 2912, 2912, 2912, 2912, 2912, 2912, 2912, 2913, 2913, 2913, 2913, 2913, 2932, 2948, 2948, 2948, 2967, 2967, 3026, 3026, 3033, 3045, 3234, 3240, 3240, 3372, 3372, 3384, 3870, 3911];
let jailbreak = vec![71, 143, 143, 1072, 1072, 1072, 1072, 1072, 1072, 2742, 2936, 3161, 3216, 3656];
let corejerk = vec![8, 8, 10, 10, 10, 10, 10, 10, 10, 10, 10, 10, 10, 10, 10, 940, 2891];
let iama = vec![8, 8, 8, 10, 10, 10, 10, 34, 45, 91, 92, 92, 123, 130, 134, 173, 173, 173, 173, 173, 198, 198, 222, 301, 306, 404, 463, 519, 622, 650, 674, 677, 745, 756, 825, 914, 969, 969, 985, 988, 1044, 1044, 1568, 1568, 1568, 1827, 1827, 1827, 1827, 2033, 2122, 2380, 2535, 2565, 2747, 2789, 2895, 2895, 2895, 2895, 2895, 2897, 2897, 2912, 2912, 2913, 2913, 2913, 2913, 2948, 3030, 3032, 3060, 3069, 3187, 3415, 3711];
let bandnames = vec![22, 34, 34, 34, 34, 88, 268, 450, 650, 865, 1763, 2897, 2903, 2912, 2912];
let politicaldiscussion = vec![59, 92, 161, 1239, 1239, 1256, 1501, 2897, 2897, 2948, 2948, 3026, 3378];
let srssucks = vec![16, 46, 126, 189, 189, 189, 261, 408, 408, 457, 737, 1203, 1216, 1291, 1385, 2791, 2890, 2897, 2903, 2903, 2912, 3037, 3267, 3813, 3822];
let thehiddenbar = vec![42, 42, 42, 42, 42, 42];
let circlejerkcopypasta = vec![16, 16, 16, 16, 22, 34, 34, 34, 34, 34, 34, 34, 34, 34, 34, 45, 46, 70, 70, 70, 70, 71, 71, 71, 71, 105, 105, 109, 111, 111, 118, 126, 130, 130, 221, 240, 240, 249, 261, 261, 261, 261, 326, 354, 361, 401, 562, 565, 565, 650, 700, 737, 737, 737, 737, 750, 786, 818, 830, 865, 866, 1081, 1134, 1185, 1211, 1252, 1256, 1282, 1385, 1385, 1385, 1385, 1385, 1385, 1385, 1437, 1805, 2133, 2174, 2297, 2297, 2777, 2804, 2890, 2895, 2895, 2895, 2897, 2897, 2897, 2903, 2903, 2903, 2903, 2903, 2912, 2912, 2912, 2913, 2913, 2950, 2967, 2988, 3001, 3033, 3033, 3074, 3075, 3107, 3215, 3258, 3591, 3631];
let karmaconspiracy = vec![22, 22, 34, 737, 1493, 2890, 2912, 2912];
let askreddit = vec![22, 22, 22, 22, 22, 25, 42, 50, 88, 88, 88, 88, 88, 88, 91, 91, 91, 92, 92, 105, 105, 139, 139, 150, 173, 173, 178, 183, 257, 261, 316, 340, 342, 420, 439, 453, 506, 562, 562, 562, 562, 562, 737, 737, 737, 737, 737, 737, 737, 737, 737, 737, 737, 799, 865, 1041, 1095, 1157, 1185, 1185, 1189, 1237, 1256, 1256, 1256, 1256, 1272, 1366, 1385, 1385, 1385, 1385, 1385, 1385, 1385, 1480, 1546, 1584, 1599, 1599, 1783, 2291, 2297, 2297, 2450, 2559, 2777, 2777, 2890, 2890, 2890, 2895, 2895, 2895, 2895, 2895, 2895, 2895, 2895, 2895, 2895, 2897, 2897, 2897, 2897, 2897, 2897, 2901, 2901, 2903, 2903, 2903, 2903, 2903, 2903, 2903, 2903, 2903, 2903, 2906, 2910, 2910, 2910, 2910, 2910, 2910, 2912, 2912, 2913, 2913, 2913, 2913, 2913, 2913, 2913, 2913, 2913, 2913, 2932, 2948, 2948, 2950, 2951, 3027, 3195, 3356, 3803, 4024, 4044];
let civcraft = vec![54, 278, 278, 316, 397, 583, 583, 913, 1059, 1059, 1229, 1229, 2026, 2323, 2632, 3018, 3019, 3269, 3686, 3777, 3795, 3795, 3795, 3940];
let badkarma = vec![580, 660, 1006, 1042, 1075, 1910, 2972, 2975, 3150];
let writingprompts = vec![34, 34, 34, 34, 34, 34, 34, 34, 34, 34, 161, 161, 188, 233, 268, 392, 562, 562, 737, 737, 737, 1256, 1343, 1976, 2297, 2685, 2895, 2895, 2895, 2895, 2895, 2897, 2897, 2903, 2903, 2906, 2912, 2913, 2913, 2913, 2965, 3027, 3097, 3259, 3259, 3364, 3364, 3364, 3454, 3516, 3570, 3626, 3673, 3673, 3683, 3701, 3780, 3798, 3867, 3871, 3891, 4016];
let hailcorporate = vec![0, 22, 22, 34, 34, 34, 40, 52, 71, 71, 92, 92, 92, 105, 105, 113, 121, 130, 139, 139, 168, 168, 178, 178, 178, 178, 178, 178, 198, 257, 289, 298, 301, 301, 316, 380, 404, 490, 562, 562, 562, 562, 562, 612, 622, 650, 650, 737, 737, 737, 737, 737, 737, 737, 737, 737, 737, 737, 737, 737, 737, 801, 865, 865, 877, 1029, 1029, 1047, 1221, 1235, 1256, 1256, 1287, 1306, 1385, 1437, 1437, 1437, 1437, 1551, 1561, 1578, 1610, 1783, 1783, 1837, 1974, 2340, 2352, 2382, 2872, 2872, 2890, 2895, 2895, 2895, 2895, 2895, 2895, 2895, 2895, 2895, 2895, 2895, 2895, 2895, 2895, 2897, 2897, 2897, 2897, 2897, 2897, 2897, 2897, 2897, 2897, 2897, 2897, 2903, 2903, 2903, 2903, 2903, 2903, 2903, 2903, 2903, 2906, 2906, 2906, 2906, 2906, 2910, 2910, 2910, 2912, 2912, 2912, 2913, 2913, 2913, 2913, 2913, 2913, 2913, 2913, 2913, 2913, 2913, 2913, 2913, 2913, 2914, 2948, 2957, 2957, 2974, 3064, 3065, 3096, 3153, 3171, 3181, 3194, 3258, 3315, 3387, 3419, 3448, 3454, 3608, 3799, 3825, 3828, 3836, 3859, 4004, 4025, 4058];
let badhistory = vec![22, 22, 22, 25, 34, 34, 34, 34, 34, 34, 34, 34, 34, 49, 49, 70, 70, 70, 70, 88, 88, 88, 111, 111, 111, 130, 130, 130, 139, 188, 188, 188, 188, 188, 191, 255, 261, 261, 261, 261, 261, 354, 517, 565, 565, 565, 565, 650, 669, 679, 722, 737, 750, 750, 811, 811, 1056, 1056, 1056, 1056, 1056, 1254, 1256, 1256, 1343, 1343, 1356, 1366, 1385, 1385, 1385, 1385, 1385, 1385, 1385, 1385, 1408, 1598, 1598, 1598, 1634, 1685, 1825, 1827, 2122, 2133, 2133, 2133, 2136, 2174, 2297, 2297, 2297, 2297, 2297, 2718, 2890, 2895, 2895, 2895, 2895, 2897, 2897, 2897, 2897, 2897, 2897, 2897, 2903, 2906, 2910, 2911, 2967, 2967, 2988, 2998, 3037, 3042, 3042, 3042, 3042, 3042, 3095, 3095, 3095, 3198, 3224, 3264, 3379, 3417, 3417, 3423, 3469];
let swoleacceptance = vec![22, 34, 133, 597, 737, 737, 737, 737, 737, 865, 865, 865, 865, 1235, 1349, 1584, 2895, 2906, 2912, 2932, 3235, 3235];
let conspiratard = vec![326, 490, 811, 1385, 1433, 1598, 1679, 2161, 2161, 2425, 3190, 3765];
let casualiama = vec![22, 22, 22, 22, 22, 34, 34, 34, 34, 34, 49, 88, 369, 411, 1001, 1106, 1437, 1568, 2504, 2903, 2912, 2913, 2951, 3016, 3026, 3230, 3765];
let booksuggestions = vec![34, 650, 650, 1418, 2913];
let thepopcornstand = vec![70, 70, 70, 71, 130, 189, 261, 410, 884, 1256, 1451, 1480, 3020, 3021, 3037, 3384, 3771];
let redskins = vec![3, 3, 3, 3, 3, 3134];
let raisedbynarcissists = vec![105, 133, 411, 475, 986, 986, 1232, 1910, 2439, 2903, 2903, 3440, 3585, 3982];
let metaphotography = vec![1167, 1167, 1167, 1167, 1167];
let silkroad = vec![65, 65, 65, 65, 71, 600, 2791, 2904];
let darknetmarkets = vec![64, 64, 64, 64, 64, 1385, 2791, 2904, 2904, 2904, 2949, 3238, 3343, 3350, 3414];
let askmen = vec![34, 105, 266, 266, 266, 266, 266, 266, 266, 266, 266, 266, 266, 475, 865, 1307, 1584, 2903, 3693];
let circloljerk = vec![0, 0, 0, 0, 0, 0, 2596];
let enhancement = vec![34, 34, 512, 683, 1827, 2380, 2895, 2905, 2913, 3387];
let subredditdrama = vec![0, 0, 0, 0, 0, 12, 12, 16, 16, 22, 34, 40, 45, 45, 46, 46, 49, 50, 65, 66, 71, 71, 71, 85, 95, 111, 113, 124, 130, 139, 162, 162, 168, 173, 180, 189, 189, 192, 198, 205, 206, 209, 209, 216, 232, 246, 255, 260, 262, 312, 326, 335, 354, 410, 410, 417, 422, 437, 453, 462, 476, 490, 490, 490, 496, 553, 683, 737, 795, 796, 799, 809, 809, 811, 827, 830, 960, 985, 1015, 1047, 1047, 1081, 1158, 1185, 1205, 1211, 1221, 1248, 1252, 1256, 1256, 1271, 1271, 1279, 1282, 1422, 1453, 1466, 1551, 1551, 1568, 1587, 1599, 1610, 1627, 1627, 1627, 1655, 1744, 1763, 1827, 1847, 1927, 2005, 2016, 2105, 2133, 2174, 2297, 2386, 2533, 2747, 2890, 2890, 2895, 2895, 2897, 2897, 2897, 2910, 2910, 2910, 2912, 2917, 2917, 2948, 2948, 2948, 2959, 3010, 3026, 3026, 3031, 3031, 3037, 3037, 3038, 3038, 3038, 3153, 3234, 3297, 3352, 3384, 3392, 3411, 3474, 3548, 3645, 3676, 3676, 3676, 3676, 3771, 3789, 3805, 3806, 4033];
let bitcoin = vec![5, 12, 12, 22, 64, 70, 119, 119, 119, 126, 315, 391, 391, 411, 411, 470, 470, 603, 978, 1006, 1220, 1260, 1950, 2431, 2431, 2752, 2752, 2766, 2892, 2939, 2960, 3070, 3186, 3382, 3404, 3449, 3554, 3924];
let tagpro = vec![34, 34, 34, 1383, 1383, 2538, 2538, 2538, 3111, 3111, 3756];
let dadjokes = vec![22, 34, 34, 34, 34, 88, 88, 161, 737, 837, 1201, 2895, 2897, 2912, 2912, 2913, 2950, 3352, 3556];
let copypasta = vec![22, 34, 34, 70, 71, 109, 144, 178, 265, 289, 1162, 2895, 2895, 2903, 2903, 2906, 2907, 2912, 2912, 2913, 2950, 2967, 3312, 3621, 3791];
let paranormal = vec![22, 34, 34, 34, 80, 2895, 2909, 2909, 2909, 2909, 3604];
let dailydot = vec![3, 22, 22, 22, 22, 22, 22, 22, 22, 22, 22, 22, 22, 22, 22, 22, 22, 22, 22, 22, 22, 22, 22, 22, 22, 22, 22, 22, 22, 22, 22, 34, 34, 34, 34, 49, 66, 66, 70, 70, 71, 71, 88, 88, 88, 88, 88, 88, 88, 88, 88, 88, 88, 88, 88, 88, 88, 88, 88, 88, 88, 88, 88, 88, 88, 88, 88, 88, 91, 91, 91, 91, 91, 91, 91, 91, 91, 91, 91, 91, 91, 91, 91, 91, 91, 91, 91, 91, 92, 92, 92, 92, 105, 111, 139, 139, 139, 139, 139, 139, 139, 139, 172, 173, 188, 188, 188, 188, 188, 188, 188, 188, 188, 188, 188, 188, 188, 188, 188, 188, 188, 259, 266, 274, 286, 316, 316, 316, 316, 316, 316, 316, 316, 316, 316, 316, 316, 316, 326, 340, 343, 401, 401, 401, 401, 401, 401, 401, 401, 401, 401, 401, 401, 401, 401, 401, 401, 401, 401, 401, 401, 401, 401, 471, 562, 562, 562, 608, 650, 650, 737, 737, 751, 762, 791, 799, 818, 877, 1044, 1067, 1086, 1130, 1162, 1193, 1193, 1193, 1216, 1216, 1235, 1235, 1322, 1437, 1437, 1437, 1437, 1437, 1437, 1480, 1480, 1480, 1480, 1568, 1823, 1828, 1887, 1984, 2054, 2178, 2273, 2565, 2597, 2664, 2718, 2718, 2718, 2718, 2718, 2718, 2718, 2718, 2718, 2718, 2718, 2718, 2890, 2895, 2895, 2897, 2903, 2910, 2910, 2913, 2913, 2922, 2927, 2927, 2927, 2935, 2935, 2935, 2935, 2935, 2935, 2935, 2935, 2947, 2948, 2951, 2991, 2991, 2991, 2991, 2991, 2991, 3033, 3051, 3181, 3218, 3218, 3218, 3218, 3261, 3261, 3261, 3261, 3315, 3315, 3316, 3316, 3316, 3316, 3387, 3387, 3673, 3833, 4054];
let skeptic = vec![22, 22, 71, 198, 1256, 1256, 2212, 2897, 2909, 2909];
let explainlikeimfive = vec![22, 22, 34, 34, 34, 34, 34, 71, 91, 268, 351, 562, 562, 737, 737, 737, 737, 737, 737, 818, 1188, 1256, 1775, 1827, 2770, 2770, 2890, 2890, 2895, 2895, 2895, 2895, 2897, 2903, 2903, 2903, 2903, 2903, 2910, 2910, 2910, 2910, 2910, 2912, 2912, 2913, 2913, 2930, 2948, 2948, 3695];
let askscience = vec![34, 178, 650, 1029, 1385, 1775, 1775, 1827, 1827, 1827, 1827, 2890, 2895, 2895, 2895, 2895, 2897, 2897, 2897, 2897, 2906, 2906, 2912, 2912, 2913, 2913, 2913, 2926, 3230, 3374, 4037];
let seduction = vec![34, 133, 226, 420, 868, 3955];
let sysadmin = vec![34, 34, 892, 2910, 2990, 2990, 2990, 2991, 3022, 3393, 3648, 3690, 3698];
let nofap = vec![34, 66, 66, 88, 91, 95, 112, 411, 475, 783, 826, 1188, 1965, 1965, 1965, 1965, 1965, 1965, 1965, 1965, 1965, 1965, 1965, 1965, 1965, 1965, 1965, 1965, 1965, 1965, 1965, 2136, 2342, 2355, 2903, 2912];
let ps4 = vec![131, 490, 1015, 3477, 3896];
let offmychest = vec![22, 22, 34, 34, 66, 133, 133, 168, 226, 266, 337, 597, 1211, 1216, 1256, 1385, 1584, 1827, 2895, 2903, 2941, 3053, 3312, 3674, 3915];
let nba = vec![3, 22, 935, 2003, 3166, 3342, 3895, 4066];
let atheism = vec![3, 34, 70, 321, 456, 679, 1093, 1093, 1328, 1512, 1612, 2903, 2903, 3314];
let pornfree = vec![34, 99, 99, 99, 1965, 1965, 1965, 1965, 1965, 1965, 1965, 1965, 1965, 1965, 1965, 1965, 1965, 1965, 1965, 1965, 1965, 1965, 1965];
let soccer = vec![157, 157, 157, 157, 157, 157, 157, 157, 157, 157, 157, 292, 292, 292, 292, 507, 507, 507, 507, 507, 988, 988, 2916, 2920, 2920, 2920, 2920, 2920, 2920, 3002, 3002, 3002, 3092, 3495, 3495, 3495, 3495, 3526, 3526, 3526, 3526, 3526, 3526, 3526];
let pokemongiveaway = vec![225, 225, 225, 241, 241, 241, 241, 630, 1153, 1153, 1153, 2886, 2918, 2918, 2918, 2918, 2918, 2918, 2918, 3351, 3351, 3603, 3834];
let magicthecirclejerking = vec![417, 417, 417, 417, 417, 417, 417, 417, 417, 417, 417, 417, 417, 417, 417];
let badphilosophy = vec![46, 506, 1512, 2895, 2897, 3026];
let bitcoinmarkets = vec![22, 65, 71, 71, 71, 71, 71, 71, 71, 71, 71, 71, 71, 71, 71, 71, 71, 603, 603, 3382, 3952];
let gunners = vec![113, 113, 113, 113, 113, 113, 2944, 2944, 2944, 3526];
let enoughlibertarianspam = vec![255, 255, 809, 809, 1252, 1252, 2292, 3017, 3017, 3100];
let exmuslim = vec![34, 70, 111, 169, 531, 1093, 1093, 1093];
let outoftheloop = vec![22, 22, 22, 34, 34, 34, 34, 34, 70, 71, 113, 133, 176, 610, 659, 737, 737, 737, 737, 737, 827, 1242, 1242, 1343, 1685, 2352, 2890, 2890, 2895, 2895, 2895, 2895, 2895, 2895, 2895, 2895, 2897, 2897, 2897, 2903, 2912, 2912, 2912, 2948, 2950, 3037, 3141, 3141, 3454];
let modhelp = vec![183, 1069, 1823, 3043, 3101, 3185, 3511];
let conspiracy = vec![22, 34, 34, 34, 34, 49, 88, 88, 325, 369, 410, 468, 490, 570, 603, 737, 768, 1015, 1056, 1256, 1256, 1256, 1256, 1256, 1385, 1385, 1385, 1827, 1847, 2017, 2174, 2895, 2897, 2902, 2910, 2912, 2912, 2913, 2948, 2948, 2948, 2948, 2948, 2948, 2948, 2948, 3026, 3067, 3159, 3159, 3384, 3437, 3689, 3788, 3956];
let pornoverlords = vec![34, 2923, 2951, 3480, 3960];
let relationships = vec![34, 66, 88, 105, 180, 214, 214, 215, 226, 475, 475, 475, 688, 737, 1506, 1584, 1584, 1584, 1584, 1584, 2225, 2225, 2549, 2595, 3925];
let movies = vec![22, 22, 22, 22, 22, 22, 22, 22, 34, 92, 240, 2895, 2897, 3979];
let gamecollecting = vec![209, 490, 562, 580, 2975];
let tolkienfans = vec![139, 188, 520, 2897, 2897, 3027, 3660];
let assassinscreed = vec![562, 659, 1824, 1827, 2950, 3866];
let purplepilldebate = vec![174, 1134, 1134, 2297, 2297, 2297, 2297, 2297, 2297, 2297, 2931, 3237];
let wiiu = vec![100, 562, 1081, 1147, 2385, 2385];
let atletico = vec![113, 113, 113, 113, 113, 113, 113, 113, 113, 113, 113, 113, 113, 113, 113, 113, 113, 113, 113, 113, 113, 113, 113, 113, 113, 113, 113, 1509, 1509, 1509, 1509, 1509, 2944, 2944, 2944, 2944, 2944, 2944, 2944, 2944, 2944, 2944];
let writing = vec![5, 12, 22, 22, 22, 34, 42, 42, 61, 407, 483, 519, 650, 650, 723, 902, 960, 1006, 1306, 1350, 1350, 1533, 1896, 2096, 2581, 2581, 2581, 2581, 2581, 2895, 3142, 3142, 3142, 3142, 3566, 3754];
let karmacourt = vec![12, 22, 34, 34, 34, 88, 105, 113, 144, 153, 168, 209, 262, 266, 288, 316, 437, 562, 562, 562, 562, 737, 737, 737, 737, 737, 737, 837, 960, 1132, 1201, 1418, 1457, 1584, 1610, 2234, 2490, 2559, 2895, 2895, 2895, 2895, 2895, 2895, 2895, 2897, 2897, 2897, 2903, 2903, 2906, 2906, 2910, 2910, 2912, 2912, 2912, 2913, 2913, 2913, 2950, 3005, 3037, 3167, 3251, 3794];
let dogemining = vec![5, 12, 12, 12, 12, 71, 172, 978, 1060, 1060, 1060, 1060, 1060, 1060, 1060, 1489, 3091, 3138, 3425, 3425, 3425, 3649, 3649];
let stalkerwatch = vec![34, 34, 34, 46, 49, 130, 130, 130, 130, 206, 206, 1385, 1598, 1598, 1598, 1598, 1598, 2161, 3288, 3288, 3384, 3465, 3515];
let trees = vec![22, 34, 34, 34, 517, 1256, 1260, 1426, 1426, 1802, 2597, 2890, 2895, 2895, 2913, 3055, 3792, 3842];
let debatereligion = vec![111, 125, 188, 419, 456, 456, 456, 679, 1612, 2247, 2631, 2897];
let femalefashionadvice = vec![186, 301, 992, 1999, 4075];
let buildapc = vec![12, 46, 163, 194, 257, 647, 647, 647, 647, 647, 647, 827, 874, 874, 874, 874, 874, 874, 874, 874, 874, 874, 874, 874, 874, 1060, 1094, 1094, 1188, 1419, 1482, 1553, 1553, 1553, 1619, 1619, 1960, 1960, 2088, 2809, 2928, 2928, 2928, 2928, 2928, 2928, 2928, 2928, 2928, 2940, 2940, 3032, 3032, 3105, 3105, 3344, 3775, 3888, 3888, 3922];
let music = vec![8, 10, 10, 10, 10, 10, 10, 22, 22, 22, 139, 709, 1097, 1612, 1683, 2747, 2874, 2897, 2913, 3631, 3723];
let openbroke = vec![34, 34, 34, 46, 46, 66, 92, 105, 130, 139, 139, 189, 326, 410, 737, 884, 1203, 1216, 1256, 1256, 1385, 1385, 1385, 1437, 1551, 1827, 1847, 2093, 2897, 2897, 2897, 2897, 2912, 2912, 2913, 3026, 3372, 3384, 3417]    ;
let crazyideas = vec![12, 16, 22, 34, 34, 88, 453, 969, 1167, 1237, 2895, 2910, 2913, 2913, 2948, 3637, 3996];
let frugal = vec![121, 315, 316, 453, 466, 818, 1537, 3665, 3932];
let asktransgender = vec![34, 42, 105, 112, 133, 133, 366, 781, 880, 1827, 2593, 2910, 2929, 3041, 3136];
let help = vec![0, 22, 34, 139, 194, 246, 436, 456, 562, 650, 830, 830, 1152, 1242, 2189, 2895, 3083, 3141, 3492, 3800, 3830];
let karmacourtattorneys = vec![162, 162, 162, 162, 162, 269, 737, 2890];
let rawdenim = vec![245, 301, 316, 992, 992, 1954, 3558];
let dogecoinbeg = vec![5, 5, 5, 5, 5, 12, 12, 12, 12, 12, 12, 12, 12, 12, 47, 71, 82, 163, 163, 163, 736, 1072, 1148, 1251, 1251, 1455, 1455, 1455, 1455, 1489, 1535, 1535, 1917, 1917, 1917, 2302, 2895, 3409, 3684, 3699, 3750];
let askhistorians = vec![22, 34, 34, 46, 91, 91, 120, 463, 531, 562, 679, 1056, 1056, 1188, 1385, 1385, 1462, 1598, 1763, 2025, 2357, 2804, 2895, 2895, 2895, 2895, 2895, 2897, 2897, 2897, 2913, 2913, 2913, 3095, 3224, 3224, 3224, 3474, 3475, 3639, 3853, 3986];
let shitredditsays = vec![3, 52, 66, 70, 113, 130, 130, 133, 166, 262, 562, 1047, 1211, 1211, 1232, 1256, 1272, 1385, 1385, 1433, 1490, 1551, 2178, 2297, 2502, 2791, 2895, 2897, 2897, 2913, 2913, 2930, 2932, 3010, 3026, 3026, 3372, 3384, 3431, 3719, 3720];
let randomactsofgaming = vec![172, 737, 1075, 1311, 1500, 1732, 1784, 2038, 2613];
let india = vec![12, 22, 34, 34, 352, 352, 352, 352, 352, 352, 352, 352, 701, 1143, 2897, 2951, 3198, 3281];
let mcfc = vec![113, 113, 113, 113, 258];
let edmproduction = vec![22, 2913, 3266, 3623, 3882];
let metanarchism = vec![809, 809, 809, 809, 809, 809, 809, 809, 809, 3077];
let nolibswatch = vec![22, 49, 49, 49, 70, 111, 130, 166, 166, 166, 166, 173, 469, 1256, 1289, 1385, 1385, 1385, 1385, 2304, 2895, 2897, 2897, 2948, 2948, 3037, 3148, 3288, 3288, 3642, 3658, 3892];
let frisson = vec![34, 34, 34, 34, 34, 34, 34, 42, 42, 42, 139, 411, 960, 985, 1017, 1204, 1248, 1385, 2890, 2890, 2895, 2895, 2895, 2895, 2913, 2913, 2913, 2913, 2950, 2950, 3441, 3713];
let pokemon = vec![116, 241, 241, 281, 2002, 2002, 2897, 2912, 2918, 2918, 3276, 3958];
let deadbedrooms = vec![66, 133, 133, 133, 688, 1584, 1584, 2559, 2903];
let needadvice = vec![34, 257, 511, 2895, 3372];
let dayz = vec![12, 12, 22, 22, 131, 224, 922, 1385, 1795, 1824, 1938, 2263, 2564, 2664];
let fallout = vec![562, 798, 1500, 2943, 3064, 3600];
let mma = vec![22, 22, 279, 791, 1678, 3347];
let destinyknot = vec![2918, 2918, 2918, 2942, 2942, 2942, 2942, 2942, 2942, 2942, 2942, 2942, 2942];
let depression = vec![11, 11, 11, 34, 34, 34, 66, 105, 105, 105, 475, 475, 1560, 1896, 2136, 2246, 2895, 3674];
let naruto = vec![885, 885, 3164, 3164, 3164, 3164, 3164, 3164, 3164, 3164, 3164, 3981];
let asksciencefiction = vec![22, 34, 562, 1784, 3027, 3027];
let hiphopheads = vec![3, 3, 22, 22, 262, 411, 411, 1539, 3129, 3263, 3263, 3263, 3263, 3263, 3263, 3263];
let casualpokemontrades = vec![209, 209, 209, 901, 2918, 2918, 2942, 2942, 2942, 2942, 3351, 3351, 3351];
let shitstatistssay = vec![16, 52, 70, 124, 198, 1252, 2948, 3017, 3559];
let vapeitforward = vec![762, 762, 762, 2702, 2702, 3165];
let redditdev = vec![1112, 1480, 1818, 2895, 2903, 2948, 3026, 3245];
let libertarian = vec![25, 25, 50, 88, 490, 565, 1252, 1385, 1385, 1827, 2068, 2133, 2883, 2913, 2948, 3246, 3523];
let custommagic = vec![417, 417, 524, 1876, 1876];
let tf2 = vec![155, 262, 552, 552, 552, 562, 694, 694, 694, 1910, 3136, 3473];
let mensrights = vec![34, 108, 133, 168, 266, 326, 745, 1134, 1385, 1422, 1685, 2895, 2897, 2903, 2913, 2947, 3384];
let dota2 = vec![0, 0, 220, 220, 417, 683, 1282, 1627, 1732, 1910, 1910, 2370, 2370, 2370, 2370, 2827, 2947, 3226];
let circlebroke2 = vec![22, 22, 105, 111, 111, 679, 1185, 1185, 1584, 1827, 2894, 2906, 2910, 2912, 2912, 2912, 2950, 3372, 3372];
let askwomen = vec![66, 66, 66, 66, 66];
let showerthoughts = vec![34, 34, 34, 737, 1775, 1827, 2895, 2952];
let karmacourtblog = vec![162, 162, 162, 162, 162, 1293];
let gaybroscirclejerk = vec![36, 36, 36, 36, 36, 36, 36, 36, 36, 36, 2595, 2595, 2595];
let anime = vec![22, 34, 300, 300, 300, 300, 300, 300, 300, 300, 1097, 1097, 1097, 2557, 2710, 2954, 2994, 3114, 3227, 3481, 3869, 3869];
let eddfaction = vec![242, 242, 242, 242, 242, 242, 667, 667, 850, 1177, 3353, 3354, 3354, 3355];
let civcraftexchange = vec![35, 35, 1229, 2323, 2323, 2323, 3486];
let squaredcircle = vec![1843, 1843, 1843, 1843, 2906, 2955, 3877, 3946, 3946, 3959, 3968];
let orangered = vec![733, 1718, 2956, 2956, 2956, 2956, 3059, 3210, 3210, 3291, 3293, 3592, 3841];
let bugs = vec![34, 70, 71, 188, 512, 512, 584, 637, 1203, 1242, 1947, 2804, 3028, 3627];
let bdsmcommunity = vec![34, 226, 2903, 2958, 3063, 3455, 3557];
let cyberpunk = vec![42, 59, 173, 2212, 2895, 3708, 3709];
let france = vec![12, 139, 188, 188, 737, 737, 766, 960, 1254, 1254, 1356, 1385, 1385, 1385, 1420, 1420, 1420, 1420, 1420, 1420, 1534, 1534, 1534, 1534, 1534, 1534, 1534, 1787, 1787, 1787, 1787, 1787, 1787, 1787, 2838, 2838, 2838, 2838, 2838, 2838, 2838, 2838, 2838, 2895, 2895, 2895, 2895, 2895, 2897, 2897, 2897, 2897, 2897, 2897, 2897, 2951, 2962, 2962, 2962, 2962, 2962, 2962, 2962, 2963, 2964, 2964, 2965, 2966, 2966, 2967, 2968, 2968, 2968, 2968, 2968, 2968, 2968, 2968, 2968, 2969, 2969, 2969, 2969, 2969, 2969, 2969, 2969, 2969, 2970, 2970, 2970, 2970, 2970, 2970, 3115, 3115, 3115, 3115, 3115, 3115, 3115, 3116, 3116, 3117, 3117, 3117, 3117, 3118, 3118, 3118, 3118, 3118, 3118, 3118, 3118, 3119, 3119, 3119, 3119, 3119, 3119, 3119, 3120, 3120, 3120, 3120, 3120, 3120, 3121, 3121, 3121, 3121, 3121, 3218, 3218, 3242, 3242, 3243, 3244, 3244, 3376, 3376, 3376, 3376, 3376, 3376, 3377, 3377, 3387, 3498, 3498, 3498, 3498, 3498, 3499, 3499, 3500, 3501, 3570, 3629, 3749, 3749, 3749, 3873, 3873, 3874, 3985];
let trueanime = vec![274, 274, 274, 2395, 2971];
let malefashionadvice = vec![171, 186, 245, 245, 830, 992, 992, 1324, 2005, 2005, 2550, 2895, 3237];
let entrepreneur = vec![12, 22, 22, 176, 176, 471, 487, 818, 875, 875, 914, 2128, 2895, 2913, 3488];
let mushroomkingdom = vec![2972, 2975, 2975, 2975, 2975, 2975, 2975];
let autowikibot = vec![262, 562, 627, 740, 740, 799, 916, 1234, 1437, 1824, 2897, 2912, 3093, 3310, 3427];
let theoryoffearme = vec![2976, 2976, 2976, 2976, 2976, 2976, 2976, 2976];
let investing = vec![22, 22, 22, 818, 1385, 2977];
let lifeprotips = vec![22, 34, 34, 737, 865, 1237, 2341, 2895, 2895, 2903, 2903, 2903, 2906];
let pac12 = vec![661, 661, 661, 661, 661, 661, 661, 661, 661];
let watercooling = vec![172, 172, 172, 172, 172];
let touhoumusic = vec![2979, 2979, 2979, 2979, 2979, 2979, 2979, 2979];
let legaladvice = vec![34, 119, 133, 174, 326, 366, 565, 679, 727, 818, 1086, 1256, 1328, 1408, 1547, 1551, 1560, 1610, 1903, 2178, 2897, 2913, 2913, 2967, 3252];
let self = vec![34, 34, 34, 34, 66, 66, 70, 70, 71, 410, 411, 411, 737, 838, 1216, 1410, 1422, 1462, 2549, 2595, 2664, 2913, 3099, 3384, 3618, 4010];
let chargers = vec![3, 33, 1823, 1823, 3134, 3145];
let circlejerkaustralia = vec![52, 52, 52, 52, 1385];
let tipofmypenis = vec![562, 1097, 1097, 2982, 2982, 3008, 3049, 3066, 3270, 3270, 3366, 3383, 3483, 3511, 3632, 3875, 4000, 4063];
let bdsm = vec![22, 105, 286, 286, 1584, 2041];
let mwo = vec![142, 142, 142, 142, 142];
let nostupidquestions = vec![34, 34, 88, 316, 316, 647, 737, 1306, 1437, 2895, 2895, 2897, 2903, 2912, 3280, 3866];
let libertariancopypasta = vec![22, 25, 71, 71, 255, 1252, 1252, 2897];
let shitamericanssay = vec![46, 650, 819, 1254, 1385, 1385, 1385, 2875, 2895, 2895, 2895, 2913, 2989, 3331, 3640];
let argentinacirclejerk = vec![22, 34, 1097, 1181, 1181, 1181, 1181, 1181, 1181, 1181, 1181, 1181, 1181, 1181, 1181, 1181, 1181, 1181, 1181, 1181, 1181];
let lgbt = vec![34, 111, 236, 519, 1584, 2247, 2903, 2948];
let patriots = vec![3, 3, 1823, 3134, 3134];
let findareddit = vec![34, 34, 50, 326, 737, 920, 926, 1256, 1551, 2895, 2895, 2913, 2993, 3574, 3814];
let bitcointip = vec![71, 71, 71, 411, 2436];
let redoric = vec![1385, 1530, 2897, 2913, 2948, 3559];
let sixwordstories = vec![34, 42, 105, 1152, 2897, 2912];
let learnprogramming = vec![450, 895, 1246, 1633, 2270, 2405, 2897, 2913, 3000, 3154, 3234, 3611, 3712];
let adhd = vec![34, 61, 783, 1428, 2903];
let theoryofreddit = vec![16, 22, 34, 70, 70, 88, 92, 189, 209, 295, 490, 895, 1185, 1185, 1203, 1385, 2455, 2910];
let sports = vec![222, 612, 1823, 2046, 2626];
let calgaryflames = vec![1568, 1568, 1568, 1568, 1568, 1568, 1568, 1568, 1568, 1568, 1568, 1568, 1568, 1568, 1568, 1568, 1568, 1568, 1568, 1568];
let teenagers = vec![10, 22, 92, 240, 460, 737, 2487, 2504, 2841, 2897, 2903, 3027, 3535];
let mlplounge = vec![34, 687, 931, 933, 933, 933, 1139, 1139, 1417, 1874, 1874, 1874, 2566, 2895, 2897, 2910, 3476];
let askelectronics = vec![1098, 1099, 1348, 1619, 2362, 3006, 3146];
let magictcg = vec![34, 524, 565, 1033, 1033, 1282, 1504];
let judaism = vec![169, 668, 679, 679, 1204, 1385];
let androidquestions = vec![20, 254, 381, 1610, 1610, 3887];
let gamedev = vec![12, 22, 22, 413, 490, 875, 1203, 1203, 1402, 2388, 2901];
let italy = vec![71, 170, 1343, 2895, 3519, 3941, 4020];
let design = vec![3, 34, 113, 562, 1610];
let coyotes = vec![1568, 1568, 1568, 1568, 1568, 1568, 2754];
let debateachristian = vec![34, 169, 169, 169, 169, 679, 2895, 3012];
let srsdiscussion = vec![22, 34, 105, 189, 189, 189, 189, 1256, 2903, 3026, 3053];
let catholicism = vec![679, 679, 679, 2234, 3289, 3289];
let asksocialscience = vec![22, 22, 34, 59, 188, 818, 1385, 2897];
let productivity = vec![22, 326, 1336, 1638, 1638, 2906];
let gunsarecool = vec![108, 691, 3017, 3061, 3062];
let jobs4bitcoins = vec![71, 71, 906, 1006, 1006, 1006];
let forhire = vec![71, 470, 768, 1006, 2286, 2518, 2703, 2708, 3060, 3060];
let panthers = vec![3, 797, 797, 3134, 3160];
let relationship_advice = vec![34, 105, 133, 214, 214, 1584, 2065, 2225, 3845];
let thegameison = vec![170, 492, 1068, 1068, 1068, 1068];
let stopdrinking = vec![105, 326, 1475, 2729, 2912, 3815];
let assistance = vec![34, 50, 178, 471, 471, 518, 622, 737, 960, 1272, 2664, 3338, 4030];
let games = vec![81, 153, 527, 562, 578, 1015, 1046, 1081, 1081, 1311, 1482, 1559, 1632, 1732, 1824, 1910, 2088, 2088, 2106, 2385, 2910, 2913, 3359, 3359];
let needamod = vec![170, 170, 401, 562, 946, 946, 946, 1703, 2357, 3206, 3290, 3312, 3615, 3630];
let oakland = vec![34, 495, 495, 495, 496];
let bayarea = vec![34, 494, 494, 494, 494, 496, 1774, 1774, 2910, 3135, 3135];
let artistlounge = vec![471, 471, 2664, 2664, 2664];
let askphilosophy = vec![25, 34, 118, 118, 565, 565, 1437, 3586];
let resissues = vec![69, 562, 685, 1947, 2189, 2358, 2906, 3028, 3184];
let lotr = vec![146, 146, 146, 146, 520, 520];
let fantasy = vec![146, 146, 146, 146, 848, 1350, 1366, 3187, 3279, 3687, 3808, 3967, 3989, 4067];
let scotch = vec![2678, 2678, 2704, 2704, 2704, 2704, 2704, 2704, 2704, 2704, 2795, 2795, 2795, 2795, 2795, 2795, 2870, 2870, 2870, 2870, 2870, 2870, 2870];
let beermoney = vec![5, 71, 771, 2959, 2959, 3231];
let buddhism = vec![34, 99, 139, 1216, 3459, 3543];
let androidcirclejerk = vec![1610, 1610, 1610, 1610, 2910];
let exjw = vec![34, 50, 111, 111, 1534];
let physics = vec![22, 91, 1462, 3098, 3098, 3098];
let gaming = vec![22, 34, 100, 192, 209, 382, 382, 490, 490, 798, 1015, 1015, 1500, 1628, 2080, 2106, 2272, 2385, 3359, 3386, 3386, 3386, 3418, 3847, 3889];
let changemyview = vec![25, 34, 34, 88, 111, 111, 133, 158, 176, 245, 261, 562, 562, 679, 1029, 1047, 1436, 1584, 2272, 2297, 2297, 2895, 2897, 2903, 2903, 2910, 2913, 2930, 2948, 2948, 3944];
let marketing = vec![662, 948, 1610, 2910, 2913];
let oculus = vec![22, 22, 139, 216, 562, 2212, 2614, 3423];
let danzilona = vec![35, 35, 35, 35, 2049, 2049, 2049];
let wherearethefeminists = vec![3053, 3053, 3053, 3053, 3053];
let alienblue = vec![22, 34, 234, 2912, 2961, 3607];
let congressionalhunting = vec![34, 49, 59, 130, 469, 1883, 2212, 2913, 3102];
let washingtondc = vec![1306, 2910, 2913, 3080, 3080, 3080, 3080, 3081, 3081, 3081, 3081, 3082, 3082, 3082, 3082, 3451, 3722];
let loseit = vec![254, 298, 453, 815, 865, 865, 1018, 2895, 3106, 3170, 3567];
let bitcoinbeginners = vec![71, 71, 71, 71, 2436, 4057];
let bluejackets = vec![1568, 1568, 1568, 1568, 1568, 1568, 1568, 1568, 1568, 1568, 1568, 1568, 1568, 1568, 1568];
let cryptomarkets = vec![12, 71, 768, 978, 2269, 2948];
let gamegrumps = vec![22, 22, 34, 34, 2768];
let picrequests = vec![12, 34, 176, 603, 1038, 1047, 1946, 2003, 2895, 3241, 3401, 3670];
let smite = vec![0, 1514, 1514, 1514, 3073, 3073, 3073];
let ama = vec![22, 34, 650, 745, 1913, 2311, 2311, 2912, 3069, 3319, 3711];
let drama = vec![0, 46, 71, 130, 189, 410, 469, 469, 1203, 1847, 2661, 2910, 3384, 3761];
let test = vec![436, 786, 1282, 2942, 2942, 3870];
let dogecoindev = vec![12, 12, 12, 12, 12, 71, 875, 1148, 1148, 1148, 3490];
let shinypokemon = vec![116, 116, 209, 209, 241, 2741, 2918, 2918, 2918, 2918, 2942, 2942, 2942, 2942, 2942, 2942, 3351, 3672, 3672, 3834, 3919];
let dogtraining = vec![608, 865, 2285, 3283, 4049];
let techsupport = vec![97, 105, 167, 172, 172, 696, 696, 709, 709, 715, 874, 1041, 1526, 2092, 2341, 2341, 2857, 2885, 2890, 2940, 3174, 3562, 3864, 3922, 3990, 4028];
let brokehugs = vec![679, 679, 679, 679, 679, 679, 679, 679, 679, 679, 737, 899, 1625, 1625, 1625];
let books = vec![22, 34, 34, 146, 146, 756, 1403, 2379, 2715, 3212, 3808, 3909, 3989];
let csshelp = vec![3, 69, 186, 991, 1266, 1373, 1426, 1648, 2314, 2564, 2913, 3086, 3219, 3272, 3326, 3332, 3370, 3470, 3503, 3536, 3635, 3848, 3918];
let shittyaskscience = vec![34, 91, 91, 144, 188, 737, 1775, 1875, 2903, 3456];
let minecraft = vec![729, 993, 993, 1884, 2189, 2189, 2189, 2189, 2189, 2603, 2910, 3110, 3368, 3368, 3560, 4050];
let collegebasketball = vec![3, 109, 318, 318, 318, 318, 318, 318, 318, 318, 318, 403, 891, 891, 891, 1157, 3358];
let seo = vec![22, 161, 825, 825, 825, 825, 825, 825, 2910];
let scifi = vec![22, 188, 1248, 1350, 3078, 3906];
let dogetipbot = vec![5, 12, 12, 12, 12, 12, 12, 12, 12, 12, 12, 12, 12, 12, 22, 163, 187, 187, 1385, 1627, 2664, 2903, 2913];
let christianity = vec![22, 22, 34, 66, 111, 169, 321, 659, 737, 899, 899, 914, 1328, 1784, 2247, 2895, 2903, 3011, 3479, 3807];
let badeconomics = vec![46, 71, 188, 361, 2297];
let quotes = vec![22, 34, 105, 2903, 2930];
let polyamory = vec![22, 34, 133, 214, 286, 3925];
let guns = vec![71, 93, 428, 632, 1144, 1861, 2006, 2895, 3523, 3523];
let skincareaddiction = vec![22, 880, 1979, 2895, 3125, 3513];
let tf2trade = vec![5, 260, 260, 260, 260];
let 24hoursupport = vec![530, 647, 647, 647, 647, 715];
let vague_man = vec![963, 963, 963, 963, 3027, 3322, 3494];
let antisrs = vec![29, 70, 105, 189, 1211, 1385, 2133, 2903];
let suggestalaptop = vec![647, 1112, 1461, 3094, 3450];
let rpg = vec![739, 739, 1350, 1824, 1876, 3112, 3176, 3273];
let firearms = vec![93, 255, 255, 691, 691, 3102, 3523];
let kerbalspaceprogram = vec![170, 492, 612, 748, 2229, 3108];
let kerbalacademy = vec![740, 740, 740, 740, 740, 740];
let japan = vec![22, 321, 1189, 2920, 3704, 4052];
let translator = vec![34, 505, 509, 750, 1763, 3042, 3962];
let electronic_cigarette = vec![5, 85, 250, 882, 912, 1385, 1930, 1948, 2906, 3165];
let animalcrossing = vec![2398, 3123, 3123, 3209, 3524];
let cryptocurrency = vec![12, 71, 493, 603, 1210, 1210, 1210, 1628, 1628, 1831, 1950, 2096, 3124, 3571, 3753, 3755];
let vegan = vec![22, 565, 737, 1235, 1385];
let makemeagif = vec![34, 737, 1290, 2895, 2906];
let askphysics = vec![22, 497, 565, 732, 1341];
let 49ers = vec![3, 330, 792, 840, 846, 1873, 2232, 2273, 3007, 3133];
let summonerschool = vec![0, 0, 0, 0, 0, 1626, 1626];
let infj = vec![242, 475, 1078, 1377, 3412, 3899];
let i18n = vec![34, 34, 34, 34, 34, 34, 34, 34, 283];
let anarchism = vec![34, 34, 463, 1252, 1254, 2895, 2895, 3246];
let socialism = vec![34, 34, 188, 809, 2130];
let keto = vec![22, 88, 88, 91, 178, 184, 188, 316, 597, 737, 865, 1827, 1827, 1827, 2803, 3026, 3143, 3151, 3416, 3506];
let personalfinance = vec![22, 34, 105, 315, 315, 316, 737, 1306, 2924, 3246, 3309, 3309, 3671, 4073];
let pka = vec![34, 490, 745, 1482, 1584, 2906];
let danmag = vec![0, 1486, 3349, 3349, 3349, 3436];
let decidingtobebetter = vec![133, 164, 170, 492, 783];
let automoderator = vec![209, 257, 335, 450, 809, 969, 2269, 2431];
let circlejerk = vec![22, 34, 34, 111, 173, 2895, 2895, 2895, 2895, 2897, 2897, 2903, 2903, 2903, 2910, 2912, 2948, 2967, 3389];
let luciddreaming = vec![22, 22, 34, 34, 34, 91, 1445, 2055, 2897];
let israel = vec![22, 2174, 2348, 2379, 3920];
let teslore = vec![562, 1106, 2088, 2088, 3664];
let badliterarystudies = vec![34, 34, 823, 2897, 2913];
let testoutfit = vec![1171, 1171, 1171, 3824, 3824];
let fitness = vec![22, 22, 34, 139, 265, 737, 1338, 2888, 2906, 3113, 3158, 3208, 3335, 3606, 3606, 3610, 3706, 3805, 3911, 4048, 4069];
let askseddit = vec![95, 95, 95, 95, 95, 95, 2903];
let buildapcforme = vec![172, 172, 172, 172, 1553, 1960, 2928, 2928, 2940];
let startups = vec![22, 22, 308, 308, 791, 1949];
let femradebates = vec![108, 261, 261, 261, 1188, 1256, 1824];
let indianahoosiers = vec![661, 661, 661, 661, 661, 661, 661, 661, 661, 661];
let redditdads = vec![551, 551, 575, 830, 830, 1848, 1848, 1938, 3579, 3580, 3581, 3582, 3583, 3583, 3584, 4039];
let woodworking = vec![650, 1324, 3463, 3735, 4027];
let newscape = vec![192, 192, 192, 192, 2913, 3939];
let adventuretime = vec![22, 796, 931, 933, 969, 2266];
let mylittlepony = vec![22, 412, 931, 932, 2266, 2315, 2895, 3313, 3510];
let metaljerk = vec![2747, 2747, 2747, 2747, 2747, 2747, 3183, 3183];
let shittydarksouls = vec![964, 964, 964, 964, 964, 964, 964, 2468];
let baconreader = vec![737, 737, 1341, 2361, 3597];
let randomsuperpowers = vec![42, 703, 703, 703, 1411, 3027, 3027, 3322];
let litecoin = vec![71, 71, 71, 411, 1575];
let mls = vec![113, 813, 2403, 3205, 3491];
let mindcrack = vec![660, 660, 660, 660, 2947];
let anxiety = vec![34, 133, 164, 2897, 3350, 3738];
let xboxone = vec![34, 100, 490, 562, 1482, 2576];
let screenwriting = vec![22, 139, 139, 1642, 1642];
let seahawks = vec![797, 797, 1823, 1823, 2375, 4002];
let beertrade = vec![3217, 3217, 3217, 3217, 3217, 3217];
let canada = vec![762, 1189, 1239, 1827, 2490, 3434];
let protectandserve = vec![986, 1256, 1256, 2948, 3026];
let litecoinmining = vec![12, 71, 163, 1619, 2052, 2806, 2928, 3649];
let iosthemes = vec![20, 20, 20, 20, 20, 20, 20, 20, 20, 3461, 3976];
let intj = vec![34, 242, 791, 1377, 2903, 3778, 3779, 3899];
let tipofmytongue = vec![50, 173, 381, 1167, 1763, 2481, 2895, 2906, 3239, 3401];
let guitar = vec![177, 737, 1812, 2895, 3249, 3320, 3697, 4071];
let linuxquestions = vec![302, 302, 383, 1112, 2857, 2857, 2857, 3460, 3562, 4040];
let heat = vec![109, 109, 109, 109, 109, 109, 109];
let linux = vec![302, 715, 1099, 2287, 2362, 2365, 2857, 3938, 4053];
let starwars = vec![22, 22, 422, 1106, 1324, 3552];
let thebluepill = vec![16, 34, 46, 66, 152, 261, 286, 1825, 2973];
let dogeducation = vec![12, 12, 12, 12, 12, 12, 163, 671, 671, 768, 1251];
let snowboardcj = vec![3260, 3260, 3260, 3260, 3260, 3260, 3260, 3260];
let fatpeoplestories = vec![1617, 1617, 1827, 2439, 2912, 3235, 4015];
let baseball = vec![3, 78, 109, 109, 542, 2497, 2626, 3262];
let sweden = vec![34, 88, 126, 377, 1225, 1568, 1568, 2105, 2122];
let travel = vec![34, 1707, 1955, 2582, 2657];
let thetruthishere = vec![34, 34, 34, 34, 34];
let ideasfortheadmins = vec![22, 34, 71, 92, 183, 183, 183, 268, 401, 401, 436, 562, 1185, 1385, 2618, 2897, 3284, 3285];
let ukraine = vec![22, 1254, 1256, 2425, 3339];
let chicago = vec![288, 321, 637, 647, 2930];
let singapore = vec![22, 34, 262, 737, 1385, 2897];
let quarkcoin = vec![12, 71, 119, 163, 315, 3367, 3571];
let confession = vec![105, 2439, 2777, 2903, 3534];
let latterdaysaints = vec![34, 679, 1272, 1272, 1362, 2903, 3880];
let pokemonpokedexhelp = vec![2918, 2942, 2942, 2942, 3351, 3351];
let law = vec![25, 562, 1256, 2910, 3954];
let talesfromretail = vec![34, 1545, 1545, 1545, 1545, 1545];
let dota2trade = vec![262, 262, 262, 262, 876, 3951, 3951, 3951];
let dogecoinscamwatch = vec![5, 5, 5, 5, 5, 5, 12, 12, 12, 12, 12, 187, 768, 877, 1083, 1249, 1381, 1917];
let anarcho_capitalism = vec![70, 124, 178, 255, 1051, 1512, 2718, 2883, 2883, 2948, 3057, 3301];
let europe = vec![22, 1204, 1385, 2759, 3669];
let news = vec![1204, 1385, 2122, 2895, 2895];
let potcoin = vec![5, 12, 71, 168, 168, 173, 773, 1039, 1256, 2960, 2960, 2960, 2960];
let goodmorningperiwinkle = vec![1025, 1025, 1396, 3442, 3691];
let atlantahawks = vec![109, 109, 109, 109, 109, 109, 109, 109];
let exmormon = vec![34, 133, 199, 544, 1112, 1219, 1219, 1219, 1219, 1219, 1219, 1219, 1219, 3880];
let redditcensorship = vec![469, 1203, 1540, 2557, 2897];
let metareddit = vec![22, 70, 410, 1410, 3384, 3618];
let cscareerquestions = vec![1304, 1320, 2313, 2930, 2930];
let boston = vec![22, 809, 1940, 1940, 1940, 1940, 1940];
let giftofgames = vec![194, 562, 562, 712, 1827, 1908];
let potcoinmarket = vec![5, 5, 5, 5, 1260, 1260];
let cheesepasta = vec![737, 737, 2895, 2895, 2903, 2903, 3026];
let tiadiscussion = vec![486, 884, 884, 884, 884, 884, 884, 884];
let tryingforababy = vec![188, 658, 1362, 2058, 2058, 3333];
let tasker = vec![254, 1240, 1610, 2001, 2910, 3496, 3785];
let ltcmarket = vec![5, 5, 5, 5, 12, 1260];
let aislynisdead = vec![2188, 2188, 2188, 2188, 2188, 2188, 2188];
let worldnews = vec![22, 1204, 1204, 1204, 1254, 3835];
let letstalkmusic = vec![2813, 2813, 2813, 2813, 3362];
let fedoracoin = vec![12, 71, 628, 2913, 3365];
let letsplay = vec![490, 562, 605, 1577, 1577, 4005];
let subredditoftheday = vec![70, 326, 1490, 2023, 2124, 2272, 3373, 3415, 3515, 3703, 3810, 3910, 3953];
let badscience = vec![22, 118, 1385, 1827, 1946, 2897, 2897, 2897];
let math = vec![130, 188, 559, 1827, 2707];
let nosleep = vec![34, 1451, 1451, 1451, 1451, 1596, 3422];
let scryptmining = vec![12, 12, 1060, 1060, 3425];
let dogecoingiveaways = vec![12, 12, 12, 12, 12, 12, 163, 187, 3652, 3684];
let shadowban = vec![183, 439, 1051, 1385, 2910, 3598];
let beyondthebump = vec![1362, 1362, 2112, 3439, 3440];
let beercirclejerk = vec![3424, 3424, 3474, 3474, 3474];
let lolchampconcepts = vec![0, 0, 0, 0, 1868];
let hockey = vec![3, 1157, 1673, 1746, 2105, 2371, 3406];
let seireitei = vec![682, 682, 682, 682, 682, 704];
let sex = vec![34, 99, 427, 565, 2903, 3136, 3593];
let trance = vec![22, 3446, 3446, 3446, 3446, 3827];
let starcraft = vec![12, 1030, 2947, 3026, 3453];
let new_right = vec![22, 34, 50, 183, 188, 2133, 2133];
let berkeley = vec![22, 494, 494, 495, 495];
let vertcoin = vec![5, 12, 71, 71, 71, 768, 768, 768, 768, 978, 1950, 2476, 2594, 2806, 3652];
let cryptogenicbullion = vec![71, 603, 603, 603, 1831, 1902, 1902, 1902, 1902, 2948];
let glitch_in_the_matrix = vec![34, 34, 34, 838, 838, 2712];
let realestate = vec![321, 321, 2895, 3309, 3694, 3770];
let steam = vec![257, 260, 490, 1046, 3748];
let homebrewing = vec![378, 606, 2895, 3474, 3606];
let reddcoin = vec![5, 5, 12, 12, 768, 768, 768, 1628, 2158, 2158, 3197, 3821];
let acturnips = vec![3123, 3123, 3524, 3524, 3524, 3524, 3524, 3524, 3524, 3524, 3524];
let metahub = vec![70, 410, 1410, 3384, 3618];
let everything = vec![70, 410, 1410, 3384, 3618];
let ygobinders = vec![3641, 3641, 3641, 3641, 3677];
let thewire = vec![22, 22, 34, 92, 173, 737, 762, 959, 1256, 1385, 2890, 2895, 2897, 2906, 2913, 3596, 3724, 3731, 3736, 3741, 3744, 3746, 3747, 3752];
let relevantxkcd = vec![70, 410, 1410, 3384, 3618];
let topcoin = vec![12, 160, 163, 768, 768, 3927];
let theydidthemath = vec![34, 52, 659, 818, 1256, 1324, 1480, 2897, 2912, 2912];
let vzla = vec![811, 1385, 1385, 1385, 1385, 1385, 1385, 2122];
let rsocialismmeta = vec![811, 811, 811, 811, 811, 3153, 3729];
let twitchplayspokemon = vec![3, 151, 209, 209, 209, 562, 2275, 2464, 2570, 2570];
let grammar = vec![660, 737, 737, 1827, 2913, 3558];
let moviesuggestions = vec![34, 105, 139, 139, 2440, 2912];
let badarthistory = vec![46, 565, 565, 737, 4029];
let dccomics = vec![301, 737, 865, 2913, 3910];
let everysinglethread = vec![0, 0, 22, 34, 40, 88, 92, 370, 411, 490, 737, 737, 737, 737, 737, 2890, 2895, 2895, 2897, 2897, 2906, 2912, 2912, 2912, 2913, 2950, 3033, 3198, 3372, 3865];